400.000000  0.056787
410.000000  0.065934
420.000000  0.078119
430.000000  0.092083
440.000000  0.109628
450.000000  0.127218
460.000000  0.145418
470.000000  0.165887
480.000000  0.186275
490.000000  0.208904
500.000000  0.231125
510.000000  0.255664
520.000000  0.281042
530.000000  0.305527
540.000000  0.333355
550.000000  0.359850
560.000000  0.387614
570.000000  0.416098
580.000000  0.445931
590.000000  0.475755
600.000000  0.504028
610.000000  0.536138
620.000000  0.563103
630.000000  0.591223
640.000000  0.620202
650.000000  0.650644
660.000000  0.676259
670.000000  0.703977
680.000000  0.736351
690.000000  0.763188
700.000000  0.791056
