400.000000  0.016000  
410.000000  0.013900  
420.000000  0.013000  
430.000000  0.012900  
440.000000  0.013000  
450.000000  0.013500  
460.000000  0.014300  
470.000000  0.015700  
480.000000  0.017800  
490.000000  0.020800  
500.000000  0.028200  
510.000000  0.056500  
520.000000  0.127600  
530.000000  0.222200  
540.000000  0.311400  
550.000000  0.389500  
560.000000  0.462200  
570.000000  0.532300  
580.000000  0.609100  
590.000000  0.678100  
600.000000  0.718900  
610.000000  0.741600  
620.000000  0.749600  
630.000000  0.753800  
640.000000  0.756200  
650.000000  0.757400  
660.000000  0.757500  
670.000000  0.761000  
680.000000  0.768100  
690.000000  0.774900  
700.000000  0.782300  
