400.000000  0.377600  
410.000000  0.539800  
420.000000  0.615500  
430.000000  0.643200  
440.000000  0.666300  
450.000000  0.687000  
460.000000  0.701500  
470.000000  0.719000  
480.000000  0.730000  
490.000000  0.747400  
500.000000  0.763100  
510.000000  0.781900  
520.000000  0.802000  
530.000000  0.819100  
540.000000  0.834100  
550.000000  0.845300  
560.000000  0.851200  
570.000000  0.854000  
580.000000  0.856300  
590.000000  0.856100  
600.000000  0.854900  
610.000000  0.854200  
620.000000  0.853200  
630.000000  0.854300  
640.000000  0.855800  
650.000000  0.856500  
660.000000  0.857800  
670.000000  0.860100  
680.000000  0.862100  
690.000000  0.862400  
700.000000  0.861300  
