400.000000  0.377300  
410.000000  0.576200  
420.000000  0.672900  
430.000000  0.696100  
440.000000  0.708800  
450.000000  0.721400  
460.000000  0.734600  
470.000000  0.749100  
480.000000  0.757600  
490.000000  0.767000  
500.000000  0.772100  
510.000000  0.777800  
520.000000  0.781900  
530.000000  0.782100  
540.000000  0.781300  
550.000000  0.781800  
560.000000  0.780800  
570.000000  0.779200  
580.000000  0.778900  
590.000000  0.778400  
600.000000  0.777600  
610.000000  0.777000  
620.000000  0.775700  
630.000000  0.777800  
640.000000  0.779300  
650.000000  0.778000  
660.000000  0.776100  
670.000000  0.772300  
680.000000  0.770600  
690.000000  0.771600  
700.000000  0.773900  
