400.000000  0.314500  
410.000000  0.449000  
420.000000  0.505600  
430.000000  0.532000  
440.000000  0.559000  
450.000000  0.585500  
460.000000  0.599200  
470.000000  0.603700  
480.000000  0.592900  
490.000000  0.575300  
500.000000  0.555200  
510.000000  0.529200  
520.000000  0.480500  
530.000000  0.418900  
540.000000  0.356200  
550.000000  0.295600  
560.000000  0.240600  
570.000000  0.201000  
580.000000  0.180500  
590.000000  0.169800  
600.000000  0.159800  
610.000000  0.152700  
620.000000  0.154900  
630.000000  0.166300  
640.000000  0.181500  
650.000000  0.193300  
660.000000  0.199000  
670.000000  0.194500  
680.000000  0.180500  
690.000000  0.168400  
700.000000  0.166000  
