400.000000  0.017500  
410.000000  0.015600  
420.000000  0.014800  
430.000000  0.014600  
440.000000  0.014700  
450.000000  0.015200  
460.000000  0.016100  
470.000000  0.017800  
480.000000  0.019700  
490.000000  0.022100  
500.000000  0.027200  
510.000000  0.040600  
520.000000  0.061100  
530.000000  0.075600  
540.000000  0.085900  
550.000000  0.105800  
560.000000  0.152100  
570.000000  0.237400  
580.000000  0.359000  
590.000000  0.499700  
600.000000  0.621600  
610.000000  0.696300  
620.000000  0.733300  
630.000000  0.753000  
640.000000  0.764900  
650.000000  0.770800  
660.000000  0.775500  
670.000000  0.779500  
680.000000  0.785200  
690.000000  0.791000  
700.000000  0.796300  
