400.000000  0.232600  
410.000000  0.317900  
420.000000  0.357600  
430.000000  0.395700  
440.000000  0.447700  
450.000000  0.494000  
460.000000  0.521000  
470.000000  0.548100  
480.000000  0.561700  
490.000000  0.560600  
500.000000  0.535800  
510.000000  0.486400  
520.000000  0.414200  
530.000000  0.336500  
540.000000  0.268100  
550.000000  0.208900  
560.000000  0.163000  
570.000000  0.133100  
580.000000  0.116000  
590.000000  0.105500  
600.000000  0.096100  
610.000000  0.089100  
620.000000  0.084800  
630.000000  0.082800  
640.000000  0.081300  
650.000000  0.082500  
660.000000  0.086300  
670.000000  0.087800  
680.000000  0.085400  
690.000000  0.081000  
700.000000  0.075600  
