400.000000  0.376300  
410.000000  0.547000  
420.000000  0.624900  
430.000000  0.650500  
440.000000  0.669700  
450.000000  0.687700  
460.000000  0.703000  
470.000000  0.719100  
480.000000  0.724900  
490.000000  0.728400  
500.000000  0.723100  
510.000000  0.713000  
520.000000  0.689400  
530.000000  0.657900  
540.000000  0.622300  
550.000000  0.576700  
560.000000  0.527400  
570.000000  0.491200  
580.000000  0.477100  
590.000000  0.469800  
600.000000  0.458500  
610.000000  0.449500  
620.000000  0.453000  
630.000000  0.470700  
640.000000  0.490600  
650.000000  0.507900  
660.000000  0.518200  
670.000000  0.516200  
680.000000  0.503700  
690.000000  0.492300  
700.000000  0.495500  
