400.000000  0.014100  
410.000000  0.014500  
420.000000  0.014300  
430.000000  0.014400  
440.000000  0.015600  
450.000000  0.017600  
460.000000  0.019200  
470.000000  0.020100  
480.000000  0.019000  
490.000000  0.016300  
500.000000  0.012500  
510.000000  0.008600  
520.000000  0.006100  
530.000000  0.004800  
540.000000  0.004200  
550.000000  0.003900  
560.000000  0.003900  
570.000000  0.003800  
580.000000  0.003800  
590.000000  0.003800  
600.000000  0.003900  
610.000000  0.004000  
620.000000  0.004200  
630.000000  0.004400  
640.000000  0.004600  
650.000000  0.004500  
660.000000  0.004300  
670.000000  0.004100  
680.000000  0.003900  
690.000000  0.004000  
700.000000  0.004400  
