400.000000  0.361600  
410.000000  0.516700  
420.000000  0.579400  
430.000000  0.598100  
440.000000  0.612100  
450.000000  0.625000  
460.000000  0.637800  
470.000000  0.651800  
480.000000  0.659700  
490.000000  0.669700  
500.000000  0.680300  
510.000000  0.708400  
520.000000  0.745800  
530.000000  0.766000  
540.000000  0.777400  
550.000000  0.788400  
560.000000  0.797000  
570.000000  0.803700  
580.000000  0.810000  
590.000000  0.812000  
600.000000  0.810500  
610.000000  0.807500  
620.000000  0.803600  
630.000000  0.802600  
640.000000  0.800700  
650.000000  0.802000  
660.000000  0.802700  
670.000000  0.805100  
680.000000  0.810800  
690.000000  0.816200  
700.000000  0.820300  
