400.000000  0.022400  
410.000000  0.023200  
420.000000  0.025600  
430.000000  0.029700  
440.000000  0.035500  
450.000000  0.040100  
460.000000  0.042300  
470.000000  0.045000  
480.000000  0.049100  
490.000000  0.056800  
500.000000  0.070400  
510.000000  0.094300  
520.000000  0.128800  
530.000000  0.170500  
540.000000  0.219900  
550.000000  0.272800  
560.000000  0.315800  
570.000000  0.343100  
580.000000  0.356000  
590.000000  0.353400  
600.000000  0.339100  
610.000000  0.324000  
620.000000  0.313600  
630.000000  0.308500  
640.000000  0.305200  
650.000000  0.303700  
660.000000  0.306900  
670.000000  0.315100  
680.000000  0.326600  
690.000000  0.338900  
700.000000  0.350500  
