400.000000  0.108300  
410.000000  0.114100  
420.000000  0.116000  
430.000000  0.118000  
440.000000  0.121600  
450.000000  0.126400  
460.000000  0.132200  
470.000000  0.141600  
480.000000  0.154400  
490.000000  0.179300  
500.000000  0.223700  
510.000000  0.312800  
520.000000  0.465800  
530.000000  0.625800  
540.000000  0.724000  
550.000000  0.758400  
560.000000  0.755600  
570.000000  0.753100  
580.000000  0.765700  
590.000000  0.772500  
600.000000  0.769500  
610.000000  0.766300  
620.000000  0.763700  
630.000000  0.765000  
640.000000  0.768100  
650.000000  0.772300  
660.000000  0.780200  
670.000000  0.783800  
680.000000  0.783200  
690.000000  0.779000  
700.000000  0.770700  
