400.000000  0.241600  
410.000000  0.293100  
420.000000  0.316200  
430.000000  0.330500  
440.000000  0.350900  
450.000000  0.374700  
460.000000  0.401200  
470.000000  0.436500  
480.000000  0.472400  
490.000000  0.511400  
500.000000  0.549900  
510.000000  0.590400  
520.000000  0.629000  
530.000000  0.658300  
540.000000  0.679400  
550.000000  0.690300  
560.000000  0.687900  
570.000000  0.671800  
580.000000  0.643800  
590.000000  0.605100  
600.000000  0.568000  
610.000000  0.542100  
620.000000  0.527500  
630.000000  0.520100  
640.000000  0.514500  
650.000000  0.511300  
660.000000  0.517400  
670.000000  0.534500  
680.000000  0.556200  
690.000000  0.576000  
700.000000  0.589900  
