400.000000  230.767832
410.000000  261.500816
420.000000  273.589264
430.000000  259.882133
440.000000  321.738145
450.000000  367.173592
460.000000  377.929483
470.000000  376.489404
480.000000  388.072251
490.000000  371.865616
500.000000  381.370525
510.000000  383.487919
520.000000  380.103554
530.000000  398.147724
540.000000  393.299162
550.000000  399.216184
560.000000  390.677795
570.000000  383.086040
580.000000  387.607878
590.000000  365.061270
600.000000  376.792583
610.000000  381.350586
620.000000  379.392192
630.000000  366.134971
640.000000  373.793143
650.000000  362.981233
660.000000  369.442351
670.000000  384.700062
680.000000  371.495183
690.000000  335.722517
700.000000  349.819893
