400.000000  0.010200  
410.000000  0.009000  
420.000000  0.008700  
430.000000  0.008600  
440.000000  0.008500  
450.000000  0.008800  
460.000000  0.009100  
470.000000  0.009500  
480.000000  0.010100  
490.000000  0.010700  
500.000000  0.011400  
510.000000  0.012100  
520.000000  0.012500  
530.000000  0.013300  
540.000000  0.015400  
550.000000  0.020200  
560.000000  0.027800  
570.000000  0.040100  
580.000000  0.075200  
590.000000  0.152000  
600.000000  0.259400  
610.000000  0.382800  
620.000000  0.502000  
630.000000  0.586500  
640.000000  0.632600  
650.000000  0.655600  
660.000000  0.666500  
670.000000  0.672800  
680.000000  0.677100  
690.000000  0.681100  
700.000000  0.684000  
