400.000000  0.011600  
410.000000  0.010300  
420.000000  0.009500  
430.000000  0.008600  
440.000000  0.007800  
450.000000  0.007000  
460.000000  0.006500  
470.000000  0.006100  
480.000000  0.005800  
490.000000  0.005800  
500.000000  0.005900  
510.000000  0.006100  
520.000000  0.006100  
530.000000  0.006200  
540.000000  0.006400  
550.000000  0.007500  
560.000000  0.010300  
570.000000  0.015500  
580.000000  0.025400  
590.000000  0.039600  
600.000000  0.062600  
610.000000  0.136400  
620.000000  0.254100  
630.000000  0.323800  
640.000000  0.353700  
650.000000  0.369400  
660.000000  0.379300  
670.000000  0.388000  
680.000000  0.397000  
690.000000  0.405700  
700.000000  0.413400  
