400.000000  117.849171  
410.000000  263.910784  
420.000000  366.651168  
430.000000  403.453195  
440.000000  420.864244  
450.000000  464.921173  
460.000000  590.148765  
470.000000  721.850812  
480.000000  626.291436  
490.000000  617.503726  
500.000000  569.076127  
510.000000  566.139361  
520.000000  568.771660  
530.000000  569.396182  
540.000000  568.724855  
550.000000  563.435624  
560.000000  556.304461  
570.000000  554.005468  
580.000000  553.811743  
590.000000  548.919231  
600.000000  523.298381  
610.000000  519.876641  
620.000000  540.463417  
630.000000  518.634032  
640.000000  476.655587  
650.000000  485.087456  
660.000000  460.077582  
670.000000  476.281297  
680.000000  499.076514  
690.000000  518.495562  
700.000000  432.384689  
